/*--------------------------------*- C++ -*----------------------------------*\
| =========                 |                                                 |
| \\      /  F ield         | OpenFOAM: The Open Source CFD Toolbox           |
|  \\    /   O peration     | Website:  https://openfoam.org                  |
|   \\  /    A nd           | Version:  converted by cgns2openfoam            |
|    \\/     M anipulation  |                                                 |
\*---------------------------------------------------------------------------*/
FoamFile
{
    version     2.0;
    format      ascii;
    class       faceList;
    object      faces;
}
// * * * * * * * * * * * * * * * * * * * * * * * * * * * * * * * * * * * * * //

75
(
4(1 5 21 17)
4(5 4 20 21)
4(16 17 21 20)
4(2 6 22 18)
4(6 5 21 22)
4(17 18 22 21)
4(7 6 22 23)
4(18 19 23 22)
4(5 9 25 21)
4(9 8 24 25)
4(20 21 25 24)
4(6 10 26 22)
4(10 9 25 26)
4(21 22 26 25)
4(11 10 26 27)
4(22 23 27 26)
4(9 13 29 25)
4(24 25 29 28)
4(10 14 30 26)
4(25 26 30 29)
4(26 27 31 30)
4(17 21 37 33)
4(21 20 36 37)
4(18 22 38 34)
4(22 21 37 38)
4(23 22 38 39)
4(21 25 41 37)
4(25 24 40 41)
4(22 26 42 38)
4(26 25 41 42)
4(27 26 42 43)
4(25 29 45 41)
4(26 30 46 42)
4(0 16 20 4)
4(0 4 5 1)
4(0 1 17 16)
4(1 2 18 17)
4(1 5 6 2)
4(2 3 19 18)
4(2 6 7 3)
4(3 7 23 19)
4(4 20 24 8)
4(4 8 9 5)
4(5 9 10 6)
4(6 10 11 7)
4(7 11 27 23)
4(8 24 28 12)
4(13 12 28 29)
4(8 12 13 9)
4(14 13 29 30)
4(9 13 14 10)
4(15 14 30 31)
4(11 15 31 27)
4(10 14 15 11)
4(16 32 36 20)
4(16 17 33 32)
4(32 33 37 36)
4(33 34 38 37)
4(17 18 34 33)
4(18 19 35 34)
4(34 35 39 38)
4(19 23 39 35)
4(20 36 40 24)
4(36 37 41 40)
4(37 38 42 41)
4(38 39 43 42)
4(23 27 43 39)
4(29 28 44 45)
4(40 41 45 44)
4(24 40 44 28)
4(41 42 46 45)
4(30 29 45 46)
4(31 30 46 47)
4(42 43 47 46)
4(27 31 47 43)
)

// ************************************************************************* //
