/*--------------------------------*- C++ -*----------------------------------*\
| =========                 |                                                 |
| \\      /  F ield         | OpenFOAM: The Open Source CFD Toolbox           |
|  \\    /   O peration     | Website:  https://openfoam.org                  |
|   \\  /    A nd           | Version:  converted by cgns2openfoam            |
|    \\/     M anipulation  |                                                 |
\*---------------------------------------------------------------------------*/
FoamFile
{
    version     2.0;
    format      ascii;
    class       faceList;
    object      faces;
}
// * * * * * * * * * * * * * * * * * * * * * * * * * * * * * * * * * * * * * //

72
(
4(1 4 13 10)
4(4 3 12 13)
4(9 10 13 12)
4(5 4 13 14)
4(10 11 14 13)
4(4 7 16 13)
4(12 13 16 15)
4(13 14 17 16)
4(10 13 22 19)
4(13 12 21 22)
4(14 13 22 23)
4(13 16 25 22)
4(28 31 40 37)
4(31 30 39 40)
4(36 37 40 39)
4(32 31 40 41)
4(37 38 41 40)
4(31 34 43 40)
4(39 40 43 42)
4(40 41 44 43)
4(37 40 49 46)
4(40 39 48 49)
4(41 40 49 50)
4(40 43 52 49)
4(0 9 12 3)
4(0 3 4 1)
4(0 1 10 9)
4(1 2 11 10)
4(1 4 5 2)
4(2 5 14 11)
4(3 6 7 4)
4(3 12 15 6)
4(7 6 15 16)
4(8 7 16 17)
4(5 8 17 14)
4(4 7 8 5)
4(9 18 21 12)
4(9 10 19 18)
4(18 19 22 21)
4(19 20 23 22)
4(10 11 20 19)
4(11 14 23 20)
4(12 21 24 15)
4(16 15 24 25)
4(21 22 25 24)
4(14 17 26 23)
4(22 23 26 25)
4(17 16 25 26)
4(27 36 39 30)
4(27 28 37 36)
4(27 30 31 28)
4(28 31 32 29)
4(29 32 41 38)
4(28 29 38 37)
4(30 33 34 31)
4(30 39 42 33)
4(34 33 42 43)
4(35 34 43 44)
4(32 35 44 41)
4(31 34 35 32)
4(45 46 49 48)
4(36 37 46 45)
4(36 45 48 39)
4(38 41 50 47)
4(46 47 50 49)
4(37 38 47 46)
4(39 48 51 42)
4(48 49 52 51)
4(43 42 51 52)
4(44 43 52 53)
4(49 50 53 52)
4(41 44 53 50)
)

// ************************************************************************* //
