/*--------------------------------*- C++ -*----------------------------------*\
| =========                 |                                                 |
| \\      /  F ield         | OpenFOAM: The Open Source CFD Toolbox           |
|  \\    /   O peration     | Website:  https://openfoam.org                  |
|   \\  /    A nd           | Version:  converted by cgns2openfoam            |
|    \\/     M anipulation  |                                                 |
\*---------------------------------------------------------------------------*/
FoamFile
{
    version     2.0;
    format      ascii;
    class       faceList;
    object      faces;
}
// * * * * * * * * * * * * * * * * * * * * * * * * * * * * * * * * * * * * * //

360
(
3(0 21 5)
3(1 5 21)
3(0 21 4)
3(0 21 20)
3(4 20 21)
3(0 21 16)
3(20 16 21)
3(16 17 21)
3(1 22 6)
3(2 6 22)
3(1 22 5)
3(1 22 21)
3(5 21 22)
3(1 22 17)
3(21 17 22)
3(17 18 22)
3(2 23 7)
3(2 23 6)
3(2 23 22)
3(6 22 23)
3(2 23 18)
3(22 18 23)
3(18 19 23)
3(4 25 9)
3(5 9 25)
3(4 25 8)
3(4 25 24)
3(8 24 25)
3(4 25 20)
3(24 20 25)
3(20 21 25)
3(5 26 10)
3(6 10 26)
3(5 26 9)
3(5 26 25)
3(9 25 26)
3(5 26 21)
3(25 21 26)
3(21 22 26)
3(6 27 11)
3(6 27 10)
3(6 27 26)
3(10 26 27)
3(6 27 22)
3(26 22 27)
3(22 23 27)
3(8 29 13)
3(9 13 29)
3(8 29 12)
3(8 29 28)
3(8 29 24)
3(28 24 29)
3(24 25 29)
3(9 30 14)
3(10 14 30)
3(9 30 13)
3(9 30 29)
3(9 30 25)
3(29 25 30)
3(25 26 30)
3(10 31 15)
3(10 31 14)
3(10 31 30)
3(10 31 26)
3(30 26 31)
3(26 27 31)
3(16 37 21)
3(17 21 37)
3(16 37 20)
3(16 37 36)
3(20 36 37)
3(16 37 32)
3(36 32 37)
3(32 33 37)
3(17 38 22)
3(18 22 38)
3(17 38 21)
3(17 38 37)
3(21 37 38)
3(17 38 33)
3(37 33 38)
3(33 34 38)
3(18 39 23)
3(18 39 22)
3(18 39 38)
3(22 38 39)
3(18 39 34)
3(38 34 39)
3(34 35 39)
3(20 41 25)
3(21 25 41)
3(20 41 24)
3(20 41 40)
3(24 40 41)
3(20 41 36)
3(40 36 41)
3(36 37 41)
3(21 42 26)
3(22 26 42)
3(21 42 25)
3(21 42 41)
3(25 41 42)
3(21 42 37)
3(41 37 42)
3(37 38 42)
3(22 43 27)
3(22 43 26)
3(22 43 42)
3(26 42 43)
3(22 43 38)
3(42 38 43)
3(38 39 43)
3(24 45 29)
3(25 29 45)
3(24 45 28)
3(24 45 44)
3(24 45 40)
3(44 40 45)
3(40 41 45)
3(25 46 30)
3(26 30 46)
3(25 46 29)
3(25 46 45)
3(25 46 41)
3(45 41 46)
3(41 42 46)
3(26 47 31)
3(26 47 30)
3(26 47 46)
3(26 47 42)
3(46 42 47)
3(42 43 47)
3(32 53 37)
3(33 37 53)
3(32 53 36)
3(32 53 52)
3(36 52 53)
3(32 53 48)
3(33 54 38)
3(34 38 54)
3(33 54 37)
3(33 54 53)
3(37 53 54)
3(33 54 49)
3(34 55 39)
3(34 55 38)
3(34 55 54)
3(38 54 55)
3(34 55 50)
3(36 57 41)
3(37 41 57)
3(36 57 40)
3(36 57 56)
3(40 56 57)
3(36 57 52)
3(37 58 42)
3(38 42 58)
3(37 58 41)
3(37 58 57)
3(41 57 58)
3(37 58 53)
3(38 59 43)
3(38 59 42)
3(38 59 58)
3(42 58 59)
3(38 59 54)
3(40 61 45)
3(41 45 61)
3(40 61 44)
3(40 61 60)
3(40 61 56)
3(41 62 46)
3(42 46 62)
3(41 62 45)
3(41 62 61)
3(41 62 57)
3(42 63 47)
3(42 63 46)
3(42 63 62)
3(42 63 58)
3(0 5 1)
3(0 1 21)
3(5 4 21)
3(0 4 5)
3(0 20 4)
3(0 16 20)
3(0 21 17)
3(0 17 16)
3(1 6 2)
3(1 2 22)
3(1 5 6)
3(6 5 22)
3(1 17 21)
3(1 22 18)
3(1 18 17)
3(3 7 23)
3(2 7 3)
3(2 3 23)
3(7 6 23)
3(2 6 7)
3(2 18 22)
3(2 19 18)
3(2 23 19)
3(4 5 25)
3(4 9 5)
3(9 8 25)
3(4 8 9)
3(4 24 8)
3(4 20 24)
3(4 25 21)
3(5 10 6)
3(5 6 26)
3(10 9 26)
3(5 9 10)
3(5 21 25)
3(5 26 22)
3(6 11 7)
3(6 7 27)
3(7 11 27)
3(6 10 11)
3(11 10 27)
3(6 22 26)
3(6 27 23)
3(8 13 9)
3(8 9 29)
3(8 12 13)
3(13 12 29)
3(12 28 29)
3(8 28 12)
3(8 24 28)
3(8 29 25)
3(9 10 30)
3(9 14 10)
3(14 13 30)
3(9 13 14)
3(13 29 30)
3(9 25 29)
3(9 30 26)
3(11 15 31)
3(10 11 31)
3(10 15 11)
3(15 14 31)
3(10 14 15)
3(14 30 31)
3(10 26 30)
3(10 31 27)
3(16 17 37)
3(21 20 37)
3(16 36 20)
3(16 32 36)
3(16 37 33)
3(16 33 32)
3(17 18 38)
3(22 21 38)
3(17 33 37)
3(17 38 34)
3(17 34 33)
3(19 23 39)
3(18 19 39)
3(23 22 39)
3(18 34 38)
3(18 35 34)
3(18 39 35)
3(20 21 41)
3(25 24 41)
3(20 40 24)
3(20 36 40)
3(20 41 37)
3(21 22 42)
3(26 25 42)
3(21 37 41)
3(21 42 38)
3(22 23 43)
3(23 27 43)
3(27 26 43)
3(22 38 42)
3(22 43 39)
3(24 25 45)
3(29 28 45)
3(24 44 28)
3(28 44 45)
3(24 40 44)
3(24 45 41)
3(25 26 46)
3(30 29 46)
3(29 45 46)
3(25 41 45)
3(25 46 42)
3(27 31 47)
3(26 27 47)
3(31 30 47)
3(30 46 47)
3(26 42 46)
3(26 47 43)
3(32 33 53)
3(37 36 53)
3(32 52 36)
3(52 48 53)
3(32 48 52)
3(32 49 48)
3(48 49 53)
3(32 53 49)
3(33 34 54)
3(38 37 54)
3(33 49 53)
3(53 49 54)
3(33 50 49)
3(33 54 50)
3(49 50 54)
3(34 35 55)
3(35 39 55)
3(39 38 55)
3(54 50 55)
3(34 50 54)
3(34 51 50)
3(50 51 55)
3(34 55 51)
3(36 37 57)
3(41 40 57)
3(36 56 40)
3(56 52 57)
3(36 52 56)
3(52 53 57)
3(36 57 53)
3(37 38 58)
3(42 41 58)
3(57 53 58)
3(37 53 57)
3(37 58 54)
3(53 54 58)
3(39 43 59)
3(38 39 59)
3(43 42 59)
3(38 54 58)
3(58 54 59)
3(54 55 59)
3(38 59 55)
3(40 41 61)
3(45 44 61)
3(44 60 61)
3(40 60 44)
3(60 56 61)
3(40 56 60)
3(40 61 57)
3(56 57 61)
3(41 42 62)
3(46 45 62)
3(45 61 62)
3(41 57 61)
3(61 57 62)
3(41 62 58)
3(57 58 62)
3(42 43 63)
3(43 47 63)
3(47 46 63)
3(46 62 63)
3(42 58 62)
3(62 58 63)
3(42 63 59)
3(58 59 63)
)

// ************************************************************************* //
