/*--------------------------------*- C++ -*----------------------------------*\
| =========                 |                                                 |
| \\      /  F ield         | OpenFOAM: The Open Source CFD Toolbox           |
|  \\    /   O peration     | Website:  https://openfoam.org                  |
|   \\  /    A nd           | Version:  converted by cgns2openfoam            |
|    \\/     M anipulation  |                                                 |
\*---------------------------------------------------------------------------*/
FoamFile
{
    version     2.0;
    format      ascii;
    class       faceList;
    object      faces;
}
// * * * * * * * * * * * * * * * * * * * * * * * * * * * * * * * * * * * * * //

52
(
4(1 5 17 13)
4(5 4 16 17)
4(12 13 17 16)
4(2 6 18 14)
4(6 5 17 18)
4(13 14 18 17)
4(7 6 18 19)
4(14 15 19 18)
4(5 9 21 17)
4(16 17 21 20)
4(6 10 22 18)
4(17 18 22 21)
4(18 19 23 22)
4(13 17 29 25)
4(17 16 28 29)
4(14 18 30 26)
4(18 17 29 30)
4(19 18 30 31)
4(17 21 33 29)
4(18 22 34 30)
4(0 12 16 4)
4(0 4 5 1)
4(0 1 13 12)
4(1 5 6 2)
4(1 2 14 13)
4(3 7 19 15)
4(2 3 15 14)
4(2 6 7 3)
4(4 16 20 8)
4(4 8 9 5)
4(9 8 20 21)
4(10 9 21 22)
4(5 9 10 6)
4(7 11 23 19)
4(11 10 22 23)
4(6 10 11 7)
4(12 13 25 24)
4(12 24 28 16)
4(24 25 29 28)
4(13 14 26 25)
4(25 26 30 29)
4(26 27 31 30)
4(15 19 31 27)
4(14 15 27 26)
4(28 29 33 32)
4(16 28 32 20)
4(21 20 32 33)
4(29 30 34 33)
4(22 21 33 34)
4(30 31 35 34)
4(23 22 34 35)
4(19 23 35 31)
)

// ************************************************************************* //
