/*--------------------------------*- C++ -*----------------------------------*\
| =========                 |                                                 |
| \\      /  F ield         | OpenFOAM: The Open Source CFD Toolbox           |
|  \\    /   O peration     | Website:  https://openfoam.org                  |
|   \\  /    A nd           | Version:  converted by cgns2openfoam            |
|    \\/     M anipulation  |                                                 |
\*---------------------------------------------------------------------------*/
FoamFile
{
    version     2.0;
    format      ascii;
    class       faceList;
    object      faces;
}
// * * * * * * * * * * * * * * * * * * * * * * * * * * * * * * * * * * * * * //

68
(
4(1 6 21 16)
4(6 5 20 21)
4(15 16 21 20)
4(2 7 22 17)
4(7 6 21 22)
4(16 17 22 21)
4(3 8 23 18)
4(8 7 22 23)
4(17 18 23 22)
4(9 8 23 24)
4(18 19 24 23)
4(6 11 26 21)
4(20 21 26 25)
4(7 12 27 22)
4(21 22 27 26)
4(8 13 28 23)
4(22 23 28 27)
4(23 24 29 28)
4(16 21 36 31)
4(21 20 35 36)
4(17 22 37 32)
4(22 21 36 37)
4(18 23 38 33)
4(23 22 37 38)
4(24 23 38 39)
4(21 26 41 36)
4(22 27 42 37)
4(23 28 43 38)
4(0 15 20 5)
4(0 1 16 15)
4(0 5 6 1)
4(1 6 7 2)
4(1 2 17 16)
4(2 3 18 17)
4(2 7 8 3)
4(3 8 9 4)
4(3 4 19 18)
4(4 9 24 19)
4(5 10 11 6)
4(11 10 25 26)
4(5 20 25 10)
4(6 11 12 7)
4(12 11 26 27)
4(7 12 13 8)
4(13 12 27 28)
4(8 13 14 9)
4(14 13 28 29)
4(9 14 29 24)
4(30 31 36 35)
4(15 16 31 30)
4(15 30 35 20)
4(31 32 37 36)
4(16 17 32 31)
4(32 33 38 37)
4(17 18 33 32)
4(19 24 39 34)
4(33 34 39 38)
4(18 19 34 33)
4(20 35 40 25)
4(26 25 40 41)
4(35 36 41 40)
4(36 37 42 41)
4(27 26 41 42)
4(37 38 43 42)
4(28 27 42 43)
4(24 29 44 39)
4(38 39 44 43)
4(29 28 43 44)
)

// ************************************************************************* //
