/*--------------------------------*- C++ -*----------------------------------*\
| =========                 |                                                 |
| \\      /  F ield         | OpenFOAM: The Open Source CFD Toolbox           |
|  \\    /   O peration     | Website:  https://openfoam.org                  |
|   \\  /    A nd           | Version:  converted by cgns2openfoam            |
|    \\/     M anipulation  |                                                 |
\*---------------------------------------------------------------------------*/
FoamFile
{
    version     2.0;
    format      ascii;
    class       faceList;
    object      faces;
}
// * * * * * * * * * * * * * * * * * * * * * * * * * * * * * * * * * * * * * //

51
(
3(0 5 2)
3(0 1 5)
3(0 5 3)
3(0 5 4)
3(0 5 6)
4(8 11 20 17)
4(11 10 19 20)
4(16 17 20 19)
4(12 11 20 21)
4(17 18 21 20)
4(11 14 23 20)
4(19 20 23 22)
4(20 21 24 23)
4(17 20 29 26)
4(20 19 28 29)
4(21 20 29 30)
4(20 23 32 29)
3(1 2 5)
3(0 2 1)
3(0 3 2)
3(2 3 5)
3(0 4 3)
3(3 4 5)
3(0 6 4)
3(4 6 5)
3(6 1 5)
3(0 1 6)
4(7 8 17 16)
4(7 10 11 8)
4(7 16 19 10)
4(8 9 18 17)
4(9 12 21 18)
4(8 11 12 9)
4(10 19 22 13)
4(10 13 14 11)
4(14 13 22 23)
4(12 15 24 21)
4(11 14 15 12)
4(15 14 23 24)
4(25 26 29 28)
4(16 17 26 25)
4(16 25 28 19)
4(26 27 30 29)
4(17 18 27 26)
4(18 21 30 27)
4(28 29 32 31)
4(23 22 31 32)
4(19 28 31 22)
4(21 24 33 30)
4(24 23 32 33)
4(29 30 33 32)
)

// ************************************************************************* //
