/*--------------------------------*- C++ -*----------------------------------*\
| =========                 |                                                 |
| \\      /  F ield         | OpenFOAM: The Open Source CFD Toolbox           |
|  \\    /   O peration     | Website:  https://openfoam.org                  |
|   \\  /    A nd           | Version:  converted by cgns2openfoam            |
|    \\/     M anipulation  |                                                 |
\*---------------------------------------------------------------------------*/
FoamFile
{
    version     2.0;
    format      ascii;
    class       faceList;
    object      faces;
}
// * * * * * * * * * * * * * * * * * * * * * * * * * * * * * * * * * * * * * //

84
(
4(1 7 25 19)
4(7 6 24 25)
4(18 19 25 24)
4(2 8 26 20)
4(8 7 25 26)
4(19 20 26 25)
4(3 9 27 21)
4(9 8 26 27)
4(20 21 27 26)
4(4 10 28 22)
4(10 9 27 28)
4(21 22 28 27)
4(11 10 28 29)
4(22 23 29 28)
4(7 13 31 25)
4(24 25 31 30)
4(8 14 32 26)
4(25 26 32 31)
4(9 15 33 27)
4(26 27 33 32)
4(10 16 34 28)
4(27 28 34 33)
4(28 29 35 34)
4(19 25 43 37)
4(25 24 42 43)
4(20 26 44 38)
4(26 25 43 44)
4(21 27 45 39)
4(27 26 44 45)
4(22 28 46 40)
4(28 27 45 46)
4(29 28 46 47)
4(25 31 49 43)
4(26 32 50 44)
4(27 33 51 45)
4(28 34 52 46)
4(0 18 24 6)
4(0 1 19 18)
4(0 6 7 1)
4(1 7 8 2)
4(1 2 20 19)
4(2 8 9 3)
4(2 3 21 20)
4(3 9 10 4)
4(3 4 22 21)
4(5 11 29 23)
4(4 10 11 5)
4(4 5 23 22)
4(6 12 13 7)
4(13 12 30 31)
4(6 24 30 12)
4(7 13 14 8)
4(14 13 31 32)
4(8 14 15 9)
4(15 14 32 33)
4(16 15 33 34)
4(9 15 16 10)
4(11 17 35 29)
4(17 16 34 35)
4(10 16 17 11)
4(18 36 42 24)
4(18 19 37 36)
4(36 37 43 42)
4(19 20 38 37)
4(37 38 44 43)
4(38 39 45 44)
4(20 21 39 38)
4(39 40 46 45)
4(21 22 40 39)
4(22 23 41 40)
4(40 41 47 46)
4(23 29 47 41)
4(24 42 48 30)
4(42 43 49 48)
4(31 30 48 49)
4(32 31 49 50)
4(43 44 50 49)
4(44 45 51 50)
4(33 32 50 51)
4(34 33 51 52)
4(45 46 52 51)
4(29 35 53 47)
4(35 34 52 53)
4(46 47 53 52)
)

// ************************************************************************* //
